 outfiles/propanol.out : -193.12836249728798 
 outfiles/pentanol.out : -271.20138119895074 
 outfiles/decanol.out : -466.3836241400086 
 outfiles/methanol.out : -115.04800861868374 
 outfiles/octanol.out : -388.3110864554743 
 outfiles/ethanol.out : -154.09130176573018 
 outfiles/hexanol.out : -310.2385332251633 
 outfiles/heptanol.out : -349.27397687072676 
 outfiles/butanol.out : -232.1655798347283 
 outfiles/nonanol.out : -427.3465180082815 
